bezier
106 17 99 35 94 47 86 64
bezier
86 64 91 70 97 76 107 83
bezier
107 83 97 79 89 74 83 69
bezier
83 69 73 91 57 123 23 183
bezier
23 183 49 168 70 158 89 155
bezier
89 155 88 151 87 147 87 143
bezier
87 143 88 126 97 113 107 114
bezier
107 114 118 114 126 129 125 146
bezier
125 146 125 149 125 152 124 155
bezier
124 155 143 159 163 168 189 183
bezier
189 183 184 174 180 165 175 157
bezier
175 157 168 152 161 145 146 137
bezier
146 137 157 140 164 143 169 146
bezier
169 146 125 64 122 52 106 17
ident
rotate
x 180
move
0 183 0
move
-23 0 0
scale
2 2 2
move
84 84 0
apply
//display
//save
//arch_logo.png
